
 x locate 
 -------------------------
0.6152510643005371
0.6352607607841492
0.5666683316230774
0.44556963443756104
0.36236459016799927
0.6042376756668091
0.5516675114631653
0.5104935765266418
0.4728482663631439
0.5392863154411316
0.4636499583721161
0.39507636427879333
0.34275686740875244
0.490252822637558
0.40476351976394653
0.4247719645500183
0.46061789989471436
0.4519060552120209
0.38037919998168945
0.40136101841926575
0.43417009711265564

 y locate 
 -------------------------
0.8310086727142334
0.7549669742584229
0.6709269285202026
0.6184941530227661
0.5591760277748108
0.49136191606521606
0.33854055404663086
0.2386963665485382
0.15538164973258972
0.5229142904281616
0.3903582692146301
0.3132650852203369
0.23732668161392212
0.5728952884674072
0.5564306378364563
0.6470547914505005
0.6930654048919678
0.6236329674720764
0.6122244596481323
0.673291027545929
0.7088487148284912

 z locate 
 -------------------------
-6.30605936748907e-05
-0.1712014377117157
-0.2056255340576172
-0.20063921809196472
-0.1644391417503357
-0.0753616988658905
-0.12166120111942291
-0.16239646077156067
-0.18727587163448334
-0.0012526040663942695
-0.030282091349363327
-0.07064084708690643
-0.10091811418533325
0.05161633342504501
-0.04600657522678375
-0.08503109961748123
-0.07490698248147964
0.09372836351394653
0.0027454986702650785
-0.031823158264160156
-0.033376485109329224
