
 x locate 
 -------------------------
0.5858775973320007
0.6892225742340088
0.6544075012207031
0.49005556106567383
0.34974566102027893
0.5585958957672119
0.5245711207389832
0.498928964138031
0.46749886870384216
0.4503837823867798
0.358591765165329
0.28775808215141296
0.2332654893398285
0.388603150844574
0.305789053440094
0.4020439088344574
0.47759708762168884
0.3531726598739624
0.31212228536605835
0.39826661348342896
0.46851104497909546

 y locate 
 -------------------------
0.9138033390045166
0.7999844551086426
0.6243081092834473
0.5490126609802246
0.5370169878005981
0.5159302353858948
0.34949979186058044
0.24430906772613525
0.15735557675361633
0.547991156578064
0.39628612995147705
0.28848281502723694
0.2077239751815796
0.6179875731468201
0.5503344535827637
0.6395400166511536
0.7092417478561401
0.7058899998664856
0.6505325436592102
0.7179351449012756
0.7698712944984436

 z locate 
 -------------------------
-0.0003065396740566939
-0.12052806466817856
-0.15430784225463867
-0.17579489946365356
-0.16588358581066132
-0.016820507124066353
-0.06116867437958717
-0.06320446729660034
-0.052733078598976135
-0.004090253729373217
-0.049975473433732986
-0.08219120651483536
-0.10056570917367935
-0.01272597722709179
-0.17139099538326263
-0.22622409462928772
-0.21686474978923798
-0.0213770754635334
-0.18744006752967834
-0.24790021777153015
-0.2590760588645935
