
 x locate 
 -------------------------
0.6553902626037598
0.7549933195114136
0.7328774929046631
0.6228026747703552
0.5016894936561584
0.5737178325653076
0.5426948666572571
0.5200936198234558
0.48879164457321167
0.4937451183795929
0.4215490520000458
0.38789480924606323
0.3572607636451721
0.4403080940246582
0.39571675658226013
0.5157290101051331
0.5847407579421997
0.4031168520450592
0.4156244397163391
0.5179026126861572
0.5723041892051697

 y locate 
 -------------------------
0.9037392139434814
0.8053140640258789
0.6365517973899841
0.5398263931274414
0.5403501391410828
0.5899440050125122
0.44434279203414917
0.3570021986961365
0.28470805287361145
0.6185401678085327
0.47368425130844116
0.3661331236362457
0.2793741226196289
0.6753431558609009
0.5328291058540344
0.5989518165588379
0.6751323938369751
0.7468274235725403
0.6205586194992065
0.6729125380516052
0.7439197897911072

 z locate 
 -------------------------
-0.00017615330580156296
-0.04558127373456955
-0.07822182029485703
-0.13452181220054626
-0.1660723090171814
0.08218047767877579
0.03907996416091919
0.02437295764684677
0.03150097280740738
0.042821254581213
-0.010895862244069576
-0.0509224534034729
-0.06920363008975983
-0.018596572801470757
-0.16413506865501404
-0.19815541803836823
-0.17729921638965607
-0.07550819218158722
-0.2165757268667221
-0.2542561888694763
-0.2635672986507416
